# Québec 49 sample history (mixed Notepad-style formats)
# date + 6 mains + bonus
2026-08-29,8,10,29,30,42,46,5
2026-08-26 2 21 22 23 28 30 + 10
26/08/2026 02-21-22-23-28-30 bonus 10
2026-08-22 10 23 29 33 34 44 + 31
2026-08-19,6,8,12,20,31,35,46
2026-08-15 8 10 29 30 42 46 + 5
2026-08-12,2,21,22,23,28,30,10
2026-08-08 10 23 29 33 34 44 + 31
2026-08-05,6,8,12,20,31,35,46
2026-08-01 3 16 30 32 33 34 + 26
2026-07-29,5,6,21,25,32,48,14
2026-07-25 2 6 9 19 27 45 + 15
2026-07-22,9,14,23,24,28,40,44
2026-07-18 4 10 25 33 36 44 + 7
2026-07-15,7,8,21,35,41,43,2
2026-07-11 1 11 18 27 39 47 + 9
2026-07-08,12,15,16,22,38,41,3
2026-07-04 13 17 19 26 37 49 + 8
2026-07-01,5,9,14,28,31,42,11
2026-06-27 8 20 21 29 40 45 + 4
